    x1     x2    f(x1, x2)
 -1.00  -1.00   0.00000000

 -1.00  -0.80   0.00000000

 -1.00  -0.60   0.00000000

 -1.00  -0.40   0.00000000

 -1.00  -0.20   0.00000000

 -1.00   0.00 -3331.19761629

 -1.00   0.20   0.00000000

 -1.00   0.40   0.00000000

 -1.00   0.60   0.00000000

 -1.00   0.80   0.00000000

 -0.80  -1.00   0.00000000

 -0.80  -0.80   0.00000000

 -0.80  -0.60 -3152.08808121

 -0.80  -0.40 -2602.86502577

 -0.80  -0.20 -2737.02933154

 -0.80   0.00 -3134.00348091

 -0.80   0.20 -3581.10111011

 -0.80   0.40 -3642.90216264

 -0.80   0.60   0.00000000

 -0.80   0.80   0.00000000

 -0.60  -1.00   0.00000000

 -0.60  -0.80 -3382.50897538

 -0.60  -0.60 -2195.15259433

 -0.60  -0.40 -2179.48577696

 -0.60  -0.20 -2410.80275057

 -0.60   0.00 -2424.14825246

 -0.60   0.20 -2615.41666408

 -0.60   0.40 -3292.80011671

 -0.60   0.60 -3465.38285567

 -0.60   0.80 -893.09976897

 -0.40  -1.00   0.00000000

 -0.40  -0.80 -2791.29415599

 -0.40  -0.60 -2078.45565432

 -0.40  -0.40 -2480.45146582

 -0.40  -0.20 -2362.66805481

 -0.40   0.00 -2234.45455935

 -0.40   0.20 -2098.29688451

 -0.40   0.40 -1947.79428998

 -0.40   0.60 -2948.67513785

 -0.40   0.80 -1470.57943286

 -0.20  -1.00   0.00000000

 -0.20  -0.80 -2626.77994713

 -0.20  -0.60 -2384.95168697

 -0.20  -0.40 -2363.69379232

 -0.20  -0.20 -2219.06737091

 -0.20   0.00 -2067.99890280

 -0.20   0.20 -1894.76075572

 -0.20   0.40 -1699.17479706

 -0.20   0.60 -1734.40789155

 -0.20   0.80 -1248.28643553

  0.00  -1.00 -3520.02866581

  0.00  -0.80 -3079.65955688

  0.00  -0.60 -2435.72263767

  0.00  -0.40 -2229.26965914

  0.00  -0.20 -2065.80724759

  0.00   0.00 -1886.60356253

  0.00   0.20 -1687.52552533

  0.00   0.40 -1448.04355955

  0.00   0.60 -1063.28304394

  0.00   0.80 278.34831159

  0.20  -1.00   0.00000000

  0.20  -0.80 -3608.13294983

  0.20  -0.60 -2514.52587945

  0.20  -0.40 -2079.22891763

  0.20  -0.20 -1892.62981850

  0.20   0.00 -1683.51322256

  0.20   0.20 -1447.51827593

  0.20   0.40 -1158.88377535

  0.20   0.60 -265.78927698

  0.20   0.80 2025.94254422

  0.40  -1.00   0.00000000

  0.40  -0.80 -3337.56431875

  0.40  -0.60 -3324.63357847

  0.40  -0.40 -1927.91525549

  0.40  -0.20 -1683.03877875

  0.40   0.00 -1443.86123296

  0.40   0.20 -1157.61136893

  0.40   0.40 -774.25855593

  0.40   0.60 2192.14719704

  0.40   0.80 2318.64754639

  0.60  -1.00   0.00000000

  0.60  -0.80   0.00000000

  0.60  -0.60 -3288.81429421

  0.60  -0.40 -2705.14069572

  0.60  -0.20 -1683.04958737

  0.60   0.00 -1102.00033172

  0.60   0.20 -81.49119896

  0.60   0.40 2055.66726566

  0.60   0.60 3452.10550396

  0.60   0.80   0.00000000

  0.80  -1.00   0.00000000

  0.80  -0.80   0.00000000

  0.80  -0.60 -1442.87105743

  0.80  -0.40 -1805.11045254

  0.80  -0.20 -1036.35977972

  0.80   0.00 387.39337269

  0.80   0.20 1966.87289268

  0.80   0.40 2720.59604211

  0.80   0.60   0.00000000

  0.80   0.80   0.00000000

