    x1     x2    f(x1, x2)
 -1.00  -1.00 -30.50270460

 -1.00  -0.82 -32.00048590

 -1.00  -0.64 -35.17595092

 -1.00  -0.45 -37.87628881

 -1.00  -0.27 -39.01947969

 -1.00  -0.09 -41.51257557

 -1.00   0.09 -41.51257557

 -1.00   0.27 -39.01947969

 -1.00   0.45 -37.87628881

 -1.00   0.64 -35.17595092

 -1.00   0.82 -32.00048590

 -0.82  -1.00 -32.15686420

 -0.82  -0.82 -37.29449547

 -0.82  -0.64 -41.15407149

 -0.82  -0.45 -45.61411218

 -0.82  -0.27 -47.51627144

 -0.82  -0.09 -48.45705060

 -0.82   0.09 -48.45705060

 -0.82   0.27 -47.51627144

 -0.82   0.45 -45.61411218

 -0.82   0.64 -41.15407149

 -0.82   0.82 -37.29449547

 -0.64  -1.00 -35.70370353

 -0.64  -0.82 -39.84676765

 -0.64  -0.64 -46.71154297

 -0.64  -0.45 -49.37432506

 -0.64  -0.27 -50.89900479

 -0.64  -0.09 -51.66061574

 -0.64   0.09 -51.66061574

 -0.64   0.27 -50.89900479

 -0.64   0.45 -49.37432506

 -0.64   0.64 -46.71154297

 -0.64   0.82 -39.84676765

 -0.45  -1.00 -37.25670716

 -0.45  -0.82 -45.89258253

 -0.45  -0.64 -49.49807503

 -0.45  -0.45 -51.71465610

 -0.45  -0.27 -53.03955024

 -0.45  -0.09 -53.70641362

 -0.45   0.09 -53.70641362

 -0.45   0.27 -53.03955024

 -0.45   0.45 -51.71465610

 -0.45   0.64 -49.49807503

 -0.45   0.82 -45.89258253

 -0.27  -1.00 -41.83833611

 -0.27  -0.82 -47.85754200

 -0.27  -0.64 -51.05506524

 -0.27  -0.45 -53.09533321

 -0.27  -0.27 -54.36156822

 -0.27  -0.09 -54.96753972

 -0.27   0.09 -54.96753972

 -0.27   0.27 -54.36156822

 -0.27   0.45 -53.09533321

 -0.27   0.64 -51.05506524

 -0.27   0.82 -47.85754200

 -0.09  -1.00 -44.13149791

 -0.09  -0.82 -48.80887589

 -0.09  -0.64 -51.77765441

 -0.09  -0.45 -53.76434616

 -0.09  -0.27 -54.98516934

 -0.09  -0.09 -55.55877049

 -0.09   0.09 -55.55877049

 -0.09   0.27 -54.98516934

 -0.09   0.45 -53.76434616

 -0.09   0.64 -51.77765441

 -0.09   0.82 -48.80887589

  0.09  -1.00 -42.68565666

  0.09  -0.82 -48.75812257

  0.09  -0.64 -51.82911597

  0.09  -0.45 -53.78512305

  0.09  -0.27 -54.98684854

  0.09  -0.09 -55.56207535

  0.09   0.09 -55.56207535

  0.09   0.27 -54.98684854

  0.09   0.45 -53.78512305

  0.09   0.64 -51.82911597

  0.09   0.82 -48.75812257

  0.27  -1.00 -41.90208075

  0.27  -0.82 -47.82030029

  0.27  -0.64 -51.01549673

  0.27  -0.45 -53.10501129

  0.27  -0.27 -54.39129827

  0.27  -0.09 -54.96634158

  0.27   0.09 -54.96634158

  0.27   0.27 -54.39129827

  0.27   0.45 -53.10501129

  0.27   0.64 -51.01549673

  0.27   0.82 -47.82030029

  0.45  -1.00 -38.99755094

  0.45  -0.82 -45.91798745

  0.45  -0.64 -49.45928204

  0.45  -0.45 -51.74977074

  0.45  -0.27 -53.08318703

  0.45  -0.09 -53.72304254

  0.45   0.09 -53.72304254

  0.45   0.27 -53.08318703

  0.45   0.45 -51.74977074

  0.45   0.64 -49.45928204

  0.45   0.82 -45.91798745

  0.64  -1.00 -35.41602612

  0.64  -0.82 -41.44745508

  0.64  -0.64 -46.77701411

  0.64  -0.45 -49.42715056

  0.64  -0.27 -50.92522418

  0.64  -0.09 -51.66223079

  0.64   0.09 -51.66223079

  0.64   0.27 -50.92522418

  0.64   0.45 -49.42715056

  0.64   0.64 -46.77701411

  0.64   0.82 -41.44745508

  0.82  -1.00 -33.60346003

  0.82  -0.82 -35.94449621

  0.82  -0.64 -39.43003534

  0.82  -0.45 -45.63264516

  0.82  -0.27 -47.60850250

  0.82  -0.09 -48.47778828

  0.82   0.09 -48.47778828

  0.82   0.27 -47.60850250

  0.82   0.45 -45.63264516

  0.82   0.64 -39.43003534

  0.82   0.82 -35.94449621

